Template: OD_SettingsTemplate_PumpG
Grime: 0.423913
Palette: 11
PlacedObjects: ReliableSpear><1159.301><371.272><, CustomDecal><9.447937><212.9431><0~560~948~553~928~-112~167~-477~0~1~0~Rust2~0.5978261~1~0.6304348~1~0.4782609~1~0.75~1, CustomDecal><849.6275><11.90409><-32~537~494~519~209~0~215.9999~-274~0~1~0~Rust2~0.7173913~1~0.5543478~1~0.7173913~1~0.8695652~1, CustomDecal><148.2307><259.5509><-7~54~167~58~159~-2~618~-526~0~1~0~Tall W&B~0.3152174~0.4021739~0.25~0.4021739~0.2826087~0.4021739~0.4347826~0.4021739, CustomDecal><24.90076><14.36856><3~378~641~372~129~0~453~-270~0~1~0~RustB3~0.5652174~1~0.326087~1~0.326087~1~0.6413044~1, ReliableSpear><227.5963><506.378><, ReliableSpear><719.7224><347.0519><, 
FadePalette: 4, 0.326087
