Template: OD_SettingsTemplate_PumpG
Grime: 0.4782609
Palette: 9
PlacedObjects: CustomDecal><154.5654><67.07692><-123~700~627~749~667~-15~158~-306~0~1~0~RustB3~0.5978264~1~0.4782612~1~0.6739132~1~0.5978264~1, CustomDecal><597.3039><97.46065><57~595~495~553~296~-42~-31~-339~0~1~0~Rust2~0.75~1~0.5652174~1~0.5652174~1~0.25~1, CustomDecal><1038.95><94.49287><-149~685~187~688~239~-75~-207~-332~0~1~0~Rust2~0.6521739~1~0.5~1~0.5978261~1~0.4891304~1, CustomDecal><414.5388><75.30379><-3~284~709~267~622~-28~-378~242~0~1~0~RustB1~0.5~1~0.7391304~1~0.5~1~0.173913~1, CustomDecal><706.0991><191.8687><-2~66~173~80~161~-11~-666~-177~0.5543478~1~0~CaterPillar~0.6086956~0.5543478~0.3913043~0.5543478~0.3913043~0.5543478~0.4565217~0.5543478, CustomDecal><1018.07><567.3377><1~56~91~50~87~-2~-442.9999~-271~0.4891304~1~0~junkGraffiti4~0.6739131~0.3913043~0.6086956~0.3913043~0.5760869~0.3913043~0.6956522~0.3913043, Mushroom><846.842><169.3773><0~0~2~3, Mushroom><804.9479><170.2786><0~0~2~3, 
FadePalette: 11, 0.7934783
