Template: OD_SettingsTemplate_PumpG
Grime: 0.4565217
Palette: 4
PlacedObjects: ReliableSpear><453.0895><445.6307><, ReliableSpear><882.8019><445.2223><, ReliableSpear><304.6943><267.9524><, Mushroom><391.1785><244.6868><0~0~2~3, Mushroom><359.3989><244.6336><0~0~2~3, KarmaFlower><831.8894><463.9167><0~0~9~15, DangleFruit><877.3558><589.3303><0~0~2~3, DangleFruit><415.4327><579.4186><0~0~2~3, DangleFruit><1152.828><631.816><0~0~2~3, CustomDecal><20.09711><125.629><30~625~1349~612~1361~-143~102~-417~0~1~0~Rust2~0.6413044~1~0.4673913~1~0.5326087~1~0.7717391~1, CustomDecal><21.83203><-11.39145><-4~495~702~390~448~-11~590~-74~0~1~0~Rust2~0.5543478~1~0.5543478~1~0.5543478~1~0.5543478~1, 
FadePalette: 11, 0.6630435
