Template: OD_SettingsTemplate_PumpG
Grime: 0.4782609
Palette: 11
PlacedObjects: CustomDecal><190.9354><10.67505><-20~721~320~755~159~0~106~-76.99999~0~1~0~Rust2~0.75~1~0.6086956~1~0.7391304~1~0.5434783~1, CustomDecal><402.5576><390.9453><-12~348~670~325~725~-49~-395~-27~0~1~0~Rust1~0.6521739~1~0.5~1~0.7282609~1~0.8152174~1, CustomDecal><900.8729><490.3422><0~40~103~45~118~-10~-344~-763~0.2608696~1~0~BraceFace~0.4456522~0.5543478~0.25~0.5543478~0.25~0.5543478~0.423913~0.5543478, CustomDecal><790.3171><397.419><23~270~526~393~534~-69~-454~-2~0~1~0~RustB2~0.6413044~1~0.6413044~1~0.6413044~1~0.6413044~1, 
FadePalette: 9, 0.3804348
